6.295703125000000000e+01
1.257500000000000000e+02
6.295703125000000000e+01
1.467500000000000000e+02
6.516015625000000000e+01
1.647500000000000000e+02
6.846484375000000000e+01
1.857500000000000000e+02
7.507421875000000000e+01
2.022500000000000000e+02
8.608984375000000000e+01
2.157500000000000000e+02
9.930859375000000000e+01
2.247500000000000000e+02
1.136289062500000000e+02
2.292500000000000000e+02
1.279492187500000000e+02
2.292500000000000000e+02
1.455742187500000000e+02
2.292500000000000000e+02
1.598945312500000000e+02
2.247500000000000000e+02
1.742148437500000000e+02
2.157500000000000000e+02
1.863320312500000000e+02
2.037500000000000000e+02
1.951445312500000000e+02
1.857500000000000000e+02
1.951445312500000000e+02
1.617500000000000000e+02
1.951445312500000000e+02
1.437500000000000000e+02
1.951445312500000000e+02
1.197500000000000000e+02
6.846484375000000000e+01
1.107500000000000000e+02
7.892968750000000000e+01
1.010000000000000000e+02
8.939453125000000000e+01
1.002500000000000000e+02
1.004101562500000000e+02
1.025000000000000000e+02
1.103242187500000000e+02
1.040000000000000000e+02
1.400664062500000000e+02
1.025000000000000000e+02
1.499804687500000000e+02
1.002500000000000000e+02
1.615468750000000000e+02
9.650000000000000000e+01
1.736640625000000000e+02
9.725000000000000000e+01
1.874335937500000000e+02
1.062500000000000000e+02
1.257460937500000000e+02
1.197500000000000000e+02
1.257460937500000000e+02
1.317500000000000000e+02
1.257460937500000000e+02
1.437500000000000000e+02
1.257460937500000000e+02
1.542500000000000000e+02
1.114257812500000000e+02
1.662500000000000000e+02
1.191367187500000000e+02
1.677500000000000000e+02
1.257460937500000000e+02
1.692500000000000000e+02
1.345585937500000000e+02
1.677500000000000000e+02
1.422695312500000000e+02
1.662500000000000000e+02
8.278515625000000000e+01
1.227500000000000000e+02
8.829296875000000000e+01
1.182500000000000000e+02
1.037148437500000000e+02
1.167500000000000000e+02
1.103242187500000000e+02
1.227500000000000000e+02
1.037148437500000000e+02
1.242500000000000000e+02
8.829296875000000000e+01
1.257500000000000000e+02
1.444726562500000000e+02
1.227500000000000000e+02
1.510820312500000000e+02
1.167500000000000000e+02
1.665039062500000000e+02
1.167500000000000000e+02
1.731132812500000000e+02
1.212500000000000000e+02
1.665039062500000000e+02
1.242500000000000000e+02
1.521835937500000000e+02
1.242500000000000000e+02
9.820703125000000000e+01
1.887500000000000000e+02
1.103242187500000000e+02
1.842500000000000000e+02
1.224414062500000000e+02
1.812500000000000000e+02
1.268476562500000000e+02
1.812500000000000000e+02
1.312539062500000000e+02
1.812500000000000000e+02
1.455742187500000000e+02
1.827500000000000000e+02
1.587929687500000000e+02
1.872500000000000000e+02
1.488789062500000000e+02
1.932500000000000000e+02
1.389648437500000000e+02
1.962500000000000000e+02
1.279492187500000000e+02
1.977500000000000000e+02
1.169335937500000000e+02
1.962500000000000000e+02
1.081210937500000000e+02
1.932500000000000000e+02
1.004101562500000000e+02
1.887500000000000000e+02
1.136289062500000000e+02
1.887500000000000000e+02
1.268476562500000000e+02
1.872500000000000000e+02
1.422695312500000000e+02
1.887500000000000000e+02
1.576914062500000000e+02
1.872500000000000000e+02
1.422695312500000000e+02
1.887500000000000000e+02
1.279492187500000000e+02
1.887500000000000000e+02
1.136289062500000000e+02
1.887500000000000000e+02
